n = 2100, p =100
n_trial = 10

Emp rate MTL-SPCA: 
(0.0, 0.23891)(0.1111111111111111, 0.24404999999999996)(0.2222222222222222, 0.24367999999999998)(0.3333333333333333, 0.23991)(0.4444444444444444, 0.24525000000000002)(0.5555555555555556, 0.24291999999999997)(0.6666666666666666, 0.23034000000000004)(0.7777777777777777, 0.22372999999999998)(0.8888888888888888, 0.20973000000000003)(1.0, 0.16733999999999996)
Emp rate N-SPCA: 
(0.0, 0.47099)(0.1111111111111111, 0.44381000000000004)(0.2222222222222222, 0.43629000000000007)(0.3333333333333333, 0.41223)(0.4444444444444444, 0.43607000000000007)(0.5555555555555556, 0.34246999999999994)(0.6666666666666666, 0.32014)(0.7777777777777777, 0.27359999999999995)(0.8888888888888888, 0.22691999999999996)(1.0, 0.16548000000000002)
Emp rate ST-SPCA: 
(0.0, 0.45016999999999996)(0.1111111111111111, 0.46325000000000005)(0.2222222222222222, 0.45550999999999997)(0.3333333333333333, 0.43142)(0.4444444444444444, 0.45489999999999997)(0.5555555555555556, 0.35639)(0.6666666666666666, 0.33365)(0.7777777777777777, 0.28493)(0.8888888888888888, 0.23260999999999998)(1.0, 0.16636)
Variance: 
(0.0, 0.23891) +- (0.0,  0.01700096761952096)(0.1111111111111111, 0.24404999999999996) +- (0.1111111111111111,  0.009069977949256534)(0.2222222222222222, 0.24367999999999998) +- (0.2222222222222222,  0.01606871494550826)(0.3333333333333333, 0.23991) +- (0.3333333333333333,  0.015227176363331457)(0.4444444444444444, 0.24525000000000002) +- (0.4444444444444444,  0.014952742223418417)(0.5555555555555556, 0.24291999999999997) +- (0.5555555555555556,  0.014527339742705819)(0.6666666666666666, 0.23034000000000004) +- (0.6666666666666666,  0.010703195784437456)(0.7777777777777777, 0.22372999999999998) +- (0.7777777777777777,  0.00979531010228875)(0.8888888888888888, 0.20973000000000003) +- (0.8888888888888888,  0.004678044463234592)(1.0, 0.16733999999999996) +- (1.0,  0.005228996079554862)
Th Rate: 
(0.0, 0.23882056996643775)(0.1111111111111111, 0.23924552186679865)(0.2222222222222222, 0.23895497334345067)(0.3333333333333333, 0.23812043525929782)(0.4444444444444444, 0.2391324034724075)(0.5555555555555556, 0.23223943056449414)(0.6666666666666666, 0.22908270638109035)(0.7777777777777777, 0.21977103687290034)(0.8888888888888888, 0.2044701236577941)(1.0, 0.16428249171959852)n = 2100, p =100
n_trial = 10

Emp rate MTL-SPCA: 
(0.0, 0.2379)(0.1111111111111111, 0.24733999999999998)(0.2222222222222222, 0.25244)(0.3333333333333333, 0.2385)(0.4444444444444444, 0.23646000000000003)(0.5555555555555556, 0.24113)(0.6666666666666666, 0.23999)(0.7777777777777777, 0.22938999999999998)(0.8888888888888888, 0.20068999999999998)(1.0, 0.16568)
Emp rate N-SPCA: 
(0.0, 0.47917999999999994)(0.1111111111111111, 0.4635000000000001)(0.2222222222222222, 0.4816)(0.3333333333333333, 0.39841999999999994)(0.4444444444444444, 0.37693)(0.5555555555555556, 0.34440000000000004)(0.6666666666666666, 0.30809)(0.7777777777777777, 0.27956000000000003)(0.8888888888888888, 0.21544)(1.0, 0.16402)
Emp rate ST-SPCA: 
(0.0, 0.23575)(0.1111111111111111, 0.24280999999999997)(0.2222222222222222, 0.24721)(0.3333333333333333, 0.23757)(0.4444444444444444, 0.23453)(0.5555555555555556, 0.23584)(0.6666666666666666, 0.24398)(0.7777777777777777, 0.24791000000000002)(0.8888888888888888, 0.23184)(1.0, 0.24835999999999997)
Variance: 
(0.0, 0.2379) +- (0.0,  0.012658672916226249)(0.1111111111111111, 0.24733999999999998) +- (0.1111111111111111,  0.01746489049493296)(0.2222222222222222, 0.25244) +- (0.2222222222222222,  0.020482929477982404)(0.3333333333333333, 0.2385) +- (0.3333333333333333,  0.013253527832241489)(0.4444444444444444, 0.23646000000000003) +- (0.4444444444444444,  0.02060098055918696)(0.5555555555555556, 0.24113) +- (0.5555555555555556,  0.020915164355079792)(0.6666666666666666, 0.23999) +- (0.6666666666666666,  0.00904626442240112)(0.7777777777777777, 0.22938999999999998) +- (0.7777777777777777,  0.013907152835861126)(0.8888888888888888, 0.20068999999999998) +- (0.8888888888888888,  0.00754485917694956)(1.0, 0.16568) +- (1.0,  0.002975163861033552)
Th Rate: 
(0.0, 0.23929026481588572)(0.1111111111111111, 0.2396510782829418)(0.2222222222222222, 0.2397293092309054)(0.3333333333333333, 0.23714085053777928)(0.4444444444444444, 0.23547523017670025)(0.5555555555555556, 0.23232181034464366)(0.6666666666666666, 0.22611647783373456)(0.7777777777777777, 0.22094914797434384)(0.8888888888888888, 0.20020492848330557)(1.0, 0.16428249171959852)n = 2100, p =100
n_trial = 10

Emp rate MTL-SPCA: 
(0.0, 0.2426)(0.1111111111111111, 0.25137)(0.2222222222222222, 0.23588000000000003)(0.3333333333333333, 0.26252)(0.4444444444444444, 0.26011)(0.5555555555555556, 0.25222999999999995)(0.6666666666666666, 0.24484)(0.7777777777777777, 0.2234)(0.8888888888888888, 0.20224999999999999)(1.0, 0.1649)
Emp rate N-SPCA: 
(0.0, 0.4431)(0.1111111111111111, 0.47941)(0.2222222222222222, 0.44792)(0.3333333333333333, 0.43307)(0.4444444444444444, 0.44196)(0.5555555555555556, 0.33619)(0.6666666666666666, 0.30876000000000003)(0.7777777777777777, 0.25759999999999994)(0.8888888888888888, 0.21061000000000002)(1.0, 0.16310000000000002)
Emp rate ST-SPCA: 
(0.0, 0.23841)(0.1111111111111111, 0.24425999999999998)(0.2222222222222222, 0.23039000000000004)(0.3333333333333333, 0.25321000000000005)(0.4444444444444444, 0.24511000000000002)(0.5555555555555556, 0.24566999999999997)(0.6666666666666666, 0.24226999999999999)(0.7777777777777777, 0.24395000000000003)(0.8888888888888888, 0.24614000000000003)(1.0, 0.23668)
Variance: 
(0.0, 0.2426) +- (0.0,  0.01594170630766983)(0.1111111111111111, 0.25137) +- (0.1111111111111111,  0.0147386600476434)(0.2222222222222222, 0.23588000000000003) +- (0.2222222222222222,  0.01949357842983171)(0.3333333333333333, 0.26252) +- (0.3333333333333333,  0.01864064376570724)(0.4444444444444444, 0.26011) +- (0.4444444444444444,  0.029354333581261882)(0.5555555555555556, 0.25222999999999995) +- (0.5555555555555556,  0.01651508704185358)(0.6666666666666666, 0.24484) +- (0.6666666666666666,  0.02105489016831958)(0.7777777777777777, 0.2234) +- (0.7777777777777777,  0.009477341399358803)(0.8888888888888888, 0.20224999999999999) +- (0.8888888888888888,  0.006096433383544845)(1.0, 0.1649) +- (1.0,  0.005121132687208945)
Th Rate: 
(0.0, 0.23914272963910987)(0.1111111111111111, 0.2397441935773703)(0.2222222222222222, 0.23944751484015075)(0.3333333333333333, 0.2389551298388517)(0.4444444444444444, 0.23915262342871457)(0.5555555555555556, 0.23142969886630665)(0.6666666666666666, 0.22667395829657705)(0.7777777777777777, 0.2156705751520609)(0.8888888888888888, 0.19647217184375992)(1.0, 0.16428249171959852)n = 2100, p =100
n_trial = 1

Emp rate MTL-SPCA: 
(0.0, 0.22660000000000002)(0.1111111111111111, 0.22360000000000002)(0.2222222222222222, 0.25029999999999997)(0.3333333333333333, 0.26170000000000004)(0.4444444444444444, 0.23970000000000002)(0.5555555555555556, 0.2522)(0.6666666666666666, 0.26570000000000005)(0.7777777777777777, 0.23809999999999998)(0.8888888888888888, 0.19720000000000004)(1.0, 0.1624)
Emp rate N-SPCA: 
(0.0, 0.4982)(0.1111111111111111, 0.4192)(0.2222222222222222, 0.4861)(0.3333333333333333, 0.37160000000000004)(0.4444444444444444, 0.43910000000000005)(0.5555555555555556, 0.35329999999999995)(0.6666666666666666, 0.3097)(0.7777777777777777, 0.2831)(0.8888888888888888, 0.20789999999999997)(1.0, 0.1594)
Emp rate ST-SPCA: 
(0.0, 0.2207)(0.1111111111111111, 0.22160000000000002)(0.2222222222222222, 0.239)(0.3333333333333333, 0.25970000000000004)(0.4444444444444444, 0.23829999999999996)(0.5555555555555556, 0.25760000000000005)(0.6666666666666666, 0.26859999999999995)(0.7777777777777777, 0.2531)(0.8888888888888888, 0.22799999999999998)(1.0, 0.21960000000000002)
Variance: 
(0.0, 0.22660000000000002) +- (0.0,  0.0)(0.1111111111111111, 0.22360000000000002) +- (0.1111111111111111,  0.0)(0.2222222222222222, 0.25029999999999997) +- (0.2222222222222222,  0.0)(0.3333333333333333, 0.26170000000000004) +- (0.3333333333333333,  0.0)(0.4444444444444444, 0.23970000000000002) +- (0.4444444444444444,  0.0)(0.5555555555555556, 0.2522) +- (0.5555555555555556,  0.0)(0.6666666666666666, 0.26570000000000005) +- (0.6666666666666666,  0.0)(0.7777777777777777, 0.23809999999999998) +- (0.7777777777777777,  0.0)(0.8888888888888888, 0.19720000000000004) +- (0.8888888888888888,  0.0)(1.0, 0.1624) +- (1.0,  0.0)
Th Rate: 
(0.0, 0.23940380850905335)(0.1111111111111111, 0.23876460014565115)(0.2222222222222222, 0.2394945541108714)(0.3333333333333333, 0.23562985775113177)(0.4444444444444444, 0.2389290371257905)(0.5555555555555556, 0.23322450451358345)(0.6666666666666666, 0.22525694519718054)(0.7777777777777777, 0.22102421465853878)(0.8888888888888888, 0.19769369327039493)(1.0, 0.16428249171959852)n = 2100, p =100
n_trial = 1

Emp rate MTL-SPCA: 
(0.0, 0.24880000000000002)(0.1111111111111111, 0.23270000000000002)(0.2222222222222222, 0.2267)(0.3333333333333333, 0.21020000000000005)(0.4444444444444444, 0.23650000000000004)(0.5555555555555556, 0.2704)(0.6666666666666666, 0.2239)(0.7777777777777777, 0.2257)(0.8888888888888888, 0.20040000000000002)(1.0, 0.16500000000000004)
Emp rate N-SPCA: 
(0.0, 0.4505)(0.1111111111111111, 0.43620000000000003)(0.2222222222222222, 0.4645)(0.3333333333333333, 0.41910000000000003)(0.4444444444444444, 0.4524)(0.5555555555555556, 0.3912)(0.6666666666666666, 0.3268)(0.7777777777777777, 0.29069999999999996)(0.8888888888888888, 0.21599999999999997)(1.0, 0.16169999999999995)
Emp rate ST-SPCA: 
(0.0, 0.24680000000000002)(0.1111111111111111, 0.23429999999999995)(0.2222222222222222, 0.2227)(0.3333333333333333, 0.2108)(0.4444444444444444, 0.239)(0.5555555555555556, 0.25649999999999995)(0.6666666666666666, 0.23319999999999996)(0.7777777777777777, 0.24650000000000005)(0.8888888888888888, 0.23609999999999998)(1.0, 0.23519999999999996)
Variance: 
(0.0, 0.24880000000000002) +- (0.0,  0.0)(0.1111111111111111, 0.23270000000000002) +- (0.1111111111111111,  0.0)(0.2222222222222222, 0.2267) +- (0.2222222222222222,  0.0)(0.3333333333333333, 0.21020000000000005) +- (0.3333333333333333,  0.0)(0.4444444444444444, 0.23650000000000004) +- (0.4444444444444444,  0.0)(0.5555555555555556, 0.2704) +- (0.5555555555555556,  0.0)(0.6666666666666666, 0.2239) +- (0.6666666666666666,  0.0)(0.7777777777777777, 0.2257) +- (0.7777777777777777,  0.0)(0.8888888888888888, 0.20040000000000002) +- (0.8888888888888888,  0.0)(1.0, 0.16500000000000004) +- (1.0,  0.0)
Th Rate: 
(0.0, 0.2395929997967905)(0.1111111111111111, 0.23918369037697418)(0.2222222222222222, 0.23970805699302117)(0.3333333333333333, 0.2387143277043891)(0.4444444444444444, 0.23910739369851797)(0.5555555555555556, 0.23642423099918913)(0.6666666666666666, 0.2291948119421371)(0.7777777777777777, 0.2220071038310436)(0.8888888888888888, 0.1996350113328575)(1.0, 0.16428249171959852)